00000000010100000000011110010011
11111110111101000010001000100011
00000000000100000000011110010011
11111110111101000010011000100011
00000000001000000000011110010011
11111110111101000010010000100011
00000111100000000000000001101111
11111110110001000010011100000011
11111110100001000010011110000011
00000010111101110000011110110011
11111110111101000010011000100011
11111110100001000010011110000011
00000000000101111000011110010011
11111110111101000010010000100011
11111110100001000010011100000011
11111110010001000010011110000011
00000100111001111101000001100011
00000000000001111000010100010011
